Testing                                         uvMissSurface           uvDisinfectionS1        uvDisinfectionS2        uvDisinfectionS3        uvExposureForHuman_p1   uvExcessHuman           fuzzOpTimes              FuzzingOpCount
Test:Test_041_18_11_2022_21_04_02		0.720			21.406			2.980			12.879			0.372			0.000			0.000			 1
Test:Test_091_18_11_2022_23_34_06		11.100			0.000			0.000			0.000			0.000			0.000			128.243			 1
Test:Test_455_19_11_2022_18_21_08		4.720			10.884			1.621			1.059			18.678			15.678			266.667			 2
Test:Test_497_19_11_2022_20_31_54		4.806			10.736			1.563			1.030			18.509			15.506			267.353			 2
Test:Test_500_19_11_2022_20_31_54		0.000			21.427			6.031			8.133			17.474			14.474			133.379			 2
Test:Test_418_19_11_2022_16_11_36		3.427			13.629			2.146			1.827			16.817			13.817			266.567			 2
Test:Test_089_18_11_2022_23_03_58		1.836			21.977			1.864			9.754			10.969			7.969			143.418			 2
Test:Test_001_18_11_2022_19_05_10		10.796			0.021			0.000			0.284			0.000			0.000			81.065			 2
Test:Test_488_19_11_2022_19_59_06		0.000			22.390			6.256			11.865			6.640			3.640			45.505			 1
Test:Test_080_18_11_2022_22_33_54		0.000			20.264			6.577			9.250			12.592			9.592			133.272			 2
Test:Test_374_19_11_2022_14_03_13		0.000			19.178			6.301			9.404			8.360			5.360			78.606			 1
Test:Test_295_19_11_2022_09_49_50		0.000			23.254			5.524			12.651			4.771			1.771			44.598			 1
Test:Test_484_19_11_2022_19_59_06		0.000			22.548			5.646			12.494			4.533			1.533			13.389			 1
Test:Test_385_19_11_2022_14_35_13		0.000			20.007			5.661			9.198			8.858			5.858			89.039			 1
Test:Test_474_19_11_2022_19_26_22		0.000			20.643			5.866			9.443			9.630			6.630			108.711			 1
Test:Test_078_18_11_2022_22_33_54		2.547			21.938			1.153			12.906			0.186			0.000			9.637			 1
Test:Test_394_19_11_2022_15_07_17		2.995			12.457			0.705			12.523			4.623			1.623			142.260			 2
Test:Test_461_19_11_2022_18_53_42		0.000			21.538			6.115			9.870			11.511			8.511			132.982			 2
Test:Test_400_19_11_2022_15_07_17		10.995			0.000			0.000			0.105			0.000			0.000			117.183			 1
Test:Test_297_19_11_2022_09_49_50		10.803			0.023			0.000			0.273			0.000			0.000			106.989			 1
