TestID					fuzzOpTimes		M1_deliv		M1_missedObj		M2_timeHandover		M3_decisionAlert	 FuzzOpCount				
Test:Test_033_21_12_2023_04_53_33	30.355			3.000			3.000			116.007			1.000			 1
Test:Test_034_21_12_2023_04_53_33	21.875			3.000			3.000			111.481			1.000			 2
Test:Test_036_21_12_2023_04_53_33	30.086			3.000			3.000			115.593			1.000			 1
Test:Test_047_21_12_2023_04_53_33	56.953			2.000			4.000			161.708			1.000			 3
Test:Test_050_21_12_2023_06_19_36	1.275			4.000			2.000			120.295			1.000			 1
Test:Test_063_21_12_2023_06_19_36	17.158			3.000			3.000			111.286			1.000			 1
Test:Test_064_21_12_2023_06_19_36	52.007			3.000			3.000			131.223			1.000			 2
Test:Test_069_21_12_2023_07_45_46	1.386			3.000			3.000			0.000			2.000			 1
Test:Test_074_21_12_2023_07_45_46	1.071			4.000			2.000			0.000			1.000			 1
Test:Test_078_21_12_2023_07_45_46	13.363			3.000			3.000			107.149			1.000			 2
