Testing                                         uvMissSurface           uvDisinfectionS1        uvDisinfectionS2        uvDisinfectionS3        uvExposureForHuman_p1   uvExcessHuman           fuzzOpTimes              FuzzingOpCount
Test:Test_041_18_11_2022_21_04_02		0.720			21.406			2.980			12.879			0.372			0.000			0.000			 1
Test:Test_091_18_11_2022_23_34_06		11.100			0.000			0.000			0.000			0.000			0.000			128.243			 1
Test:Test_455_19_11_2022_18_21_08		4.720			10.884			1.621			1.059			18.678			15.678			266.667			 2
Test:Test_547_19_11_2022_23_17_09		4.837			10.945			1.685			0.878			18.568			15.564			266.716			 2
Test:Test_726_20_11_2022_09_29_15		0.000			21.173			6.194			8.194			16.779			13.779			115.052			 1
Test:Test_603_20_11_2022_02_38_16		5.834			13.144			0.858			0.709			10.413			7.413			200.916			 2
Test:Test_089_18_11_2022_23_03_58		1.836			21.977			1.864			9.754			10.969			7.969			143.418			 2
Test:Test_001_18_11_2022_19_05_10		10.796			0.021			0.000			0.284			0.000			0.000			81.065			 2
Test:Test_648_20_11_2022_04_53_52		0.000			20.689			5.908			8.485			15.147			12.147			103.882			 1
Test:Test_715_20_11_2022_08_54_31		5.561			13.787			0.877			0.963			10.655			7.655			200.255			 2
Test:Test_687_20_11_2022_07_10_54		4.684			10.863			1.571			1.146			18.457			15.453			250.872			 2
Test:Test_631_20_11_2022_04_19_51		2.043			19.810			1.657			9.013			8.246			5.246			99.921			 2
Test:Test_488_19_11_2022_19_59_06		0.000			22.390			6.256			11.865			6.640			3.640			45.505			 1
Test:Test_394_19_11_2022_15_07_17		2.995			12.457			0.705			12.523			4.623			1.623			142.260			 2
Test:Test_637_20_11_2022_04_19_51		4.675			12.596			0.323			2.402			0.105			0.000			63.730			 1
Test:Test_484_19_11_2022_19_59_06		0.000			22.548			5.646			12.494			4.533			1.533			13.389			 1
Test:Test_295_19_11_2022_09_49_50		0.000			23.254			5.524			12.651			4.771			1.771			44.598			 1
Test:Test_385_19_11_2022_14_35_13		0.000			20.007			5.661			9.198			8.858			5.858			89.039			 1
Test:Test_673_20_11_2022_06_36_31		0.000			20.472			6.115			7.478			17.210			14.203			133.361			 2
Test:Test_748_20_11_2022_10_39_02		10.845			0.000			0.000			0.255			0.000			0.000			109.485			 2

