Testing                                         uvMissSurface           uvDisinfectionS1        uvDisinfectionS2        uvDisinfectionS3        uvExposureForHuman_p1   uvExcessHuman           fuzzOpTimes              FuzzingOpCount
Test:Test_041_18_11_2022_21_04_02		0.720			21.406			2.980			12.879			0.372			0.000			0.000			 1
Test:Test_089_18_11_2022_23_03_58		1.836			21.977			1.864			9.754			10.969			7.969			143.418			 2
Test:Test_091_18_11_2022_23_34_06		11.100			0.000			0.000			0.000			0.000			0.000			128.243			 1
Test:Test_211_19_11_2022_05_40_36		0.000			20.463			6.208			8.469			13.031			10.031			135.349			 2
Test:Test_250_19_11_2022_07_13_36		0.000			19.518			5.575			9.100			8.543			5.543			88.161			 1
Test:Test_152_19_11_2022_02_36_18		2.571			21.912			1.129			13.070			0.172			0.000			10.337			 1
Test:Test_001_18_11_2022_19_05_10		10.796			0.021			0.000			0.284			0.000			0.000			81.065			 2
Test:Test_016_18_11_2022_19_05_11		0.000			19.426			6.204			10.569			4.131			1.131			65.205			 1
Test:Test_081_18_11_2022_23_03_58		0.000			20.060			3.924			10.439			4.496			1.496			85.341			 1
Test:Test_080_18_11_2022_22_33_54		0.000			20.264			6.577			9.250			12.592			9.592			133.272			 2
Test:Test_219_19_11_2022_05_40_36		0.000			20.814			5.880			9.267			10.845			7.842			108.669			 1
Test:Test_140_19_11_2022_01_35_22		10.831			0.000			0.000			0.269			0.000			0.000			108.377			 1
Test:Test_078_18_11_2022_22_33_54		2.547			21.938			1.153			12.906			0.186			0.000			9.637			 1
Test:Test_027_18_11_2022_20_04_27		10.843			0.006			0.000			0.251			0.000			0.000			109.370			 2
Test:Test_028_18_11_2022_20_04_27		11.052			0.021			0.000			0.027			0.000			0.000			122.591			 2
Test:Test_206_19_11_2022_05_09_45		11.085			0.000			0.000			0.015			0.000			0.000			123.498			 1
Test:Test_145_19_11_2022_02_05_48		2.551			21.529			1.149			12.964			0.178			0.000			10.258			 1
Test:Test_033_18_11_2022_20_34_12		10.836			0.000			0.000			0.264			0.000			0.000			108.868			 2
Test:Test_220_19_11_2022_05_40_36		11.081			0.000			0.000			0.019			0.000			0.000			123.103			 1
Test:Test_241_19_11_2022_07_13_36		11.077			0.000			0.000			0.023			0.000			0.000			122.793			 1

