TestID                                          fuzzingOperationTimes   staticCollision         dynamicCollision        cellTime                 FuzzingOpCount
Test:Test_554_13_08_2023_12_59_58               -305.726                 34.000                  38.000                  135.000                  3
Test:Test_563_13_08_2023_12_59_58               -0.011                   0.000                   0.000                   0.000                    1
Test:Test_203_12_08_2023_17_03_47               -457.474                 112.000                 34.000                  159.420                  9
Test:Test_148_12_08_2023_13_56_24               -201.852                 0.000                   12.000                  168.380                  4
Test:Test_694_13_08_2023_21_59_48               -399.682                 5.000                   0.000                   182.260                  3
Test:Test_794_14_08_2023_03_36_57               -209.453                 200.000                 0.000                   163.020                  4
Test:Test_241_12_08_2023_20_14_25               -135.803                 1.000                   34.000                  99.020                   3
Test:Test_741_13_08_2023_23_51_04               -363.858                 135.000                 6.000                   163.700                  5
Test:Test_596_13_08_2023_14_45_49               -282.198                 87.000                  5.000                   147.560                  6
Test:Test_910_14_08_2023_11_21_39               -350.329                 116.000                 2.000                   156.080                  6
Test:Test_889_14_08_2023_09_23_40               -31.183                  18.000                  2.000                   119.160                  2
Test:Test_858_14_08_2023_07_26_59               -80.557                  6.000                   20.000                  113.000                  1
Test:Test_862_14_08_2023_07_26_59               -206.605                 44.000                  23.000                  126.780                  4
Test:Test_538_13_08_2023_11_15_05               -211.659                 58.000                  3.000                   181.780                  4
Test:Test_955_14_08_2023_13_20_43               -241.649                 85.000                  28.000                  171.780                  4
Test:Test_951_14_08_2023_13_20_43               -93.289                  10.000                  10.000                  117.580                  4
Test:Test_664_13_08_2023_20_09_43               -243.894                 70.000                  0.000                   176.680                  5
Test:Test_551_13_08_2023_12_59_58               -55.544                  51.000                  5.000                   141.900                  3
Test:Test_490_13_08_2023_09_31_23               -124.871                 15.000                  4.000                   152.280                  3
Test:Test_497_13_08_2023_09_31_23               -174.426                 12.000                  30.000                  139.920                  2
Test:Test_652_13_08_2023_18_20_41               -203.279                 67.000                  17.000                  172.880                  4
Test:Test_340_13_08_2023_01_06_45               -96.288                  12.000                  16.000                  121.720                  2
Test:Test_761_14_08_2023_01_43_30               -67.444                  3.000                   14.000                  119.980                  1
Test:Test_658_13_08_2023_18_20_41               -367.027                 101.000                 29.000                  156.600                  5
Test:Test_374_13_08_2023_02_45_50               -162.213                 4.000                   36.000                  137.220                  2
Test:Test_300_12_08_2023_21_51_01               -152.957                 40.000                  6.000                   134.340                  3
Test:Test_706_13_08_2023_21_59_48               -159.795                 5.000                   27.000                  124.960                  3
Test:Test_822_14_08_2023_05_31_25               -188.964                 36.000                  27.000                  127.260                  2
Test:Test_552_13_08_2023_12_59_58               -373.272                 104.000                 0.000                   167.580                  6
Test:Test_906_14_08_2023_11_21_39               -1.669                   3.000                   0.000                   112.740                  1
